0 401.5 4015
10 2582.2 29837
20 3999.6 69833
30 4000.6 109839
40 3998.8 149827
50 3999.9 189826
60 4000.1 229827
70 3999.2 269819
80 3999.2 309811
90 3999.7 349808
100 3998.9 389797
110 3999.6 429793
120 3999.2 469785
130 4000.3 509788
140 3999.2 549780
150 3999.2 589772
160 3999.4 629766
170 3999.2 669758
180 3999.2 709750
190 4000.5 749755
200 3999.2 789747
210 3999.2 829739
220 3999.2 869731
230 3807 907801
240 3998.6 947787
250 3660.2 984389
260 1541.1 999800
270 0 999800
280 0 999800
290 0 999800
300 0 999800
309 0 999800
