0 162.1 0.9289351974572022 0.3444034071004861 5.35400390625 0.467041015625 0 0
10 194.2 0.8501271995285142 0.30958465453633577 5.658935546875 0.467041015625 0.9289351974572022 1621
20 195.3 0.8617567774337556 0.33688338986988636 5.98193359375 0.467041015625 0.8859811890436428 3563
30 243.1 0.8976444195739922 0.46837919406161516 11.47705078125 0.43505859375 0.8774042717350659 5516
40 252.6 1.1570815858818284 3.6448992322933416 56.718017578125 0.43505859375 0.8835957653045172 7947
50 237.6 1.3624258330374066 4.783394063954563 56.718017578125 0.43505859375 0.9495582576923992 10473
60 293.4 1.115913957987172 3.546543405929305 63.487060546875 0.429931640625 1.0259045382605163 12849
70 285.6 1.61565426952031 7.404911264741807 90.39599609375 0.429931640625 1.0426369489224947 15783
80 281.7 1.4083565253927022 6.581932319517374 93.5478515625 0.42822265625 1.1304387337622053 18639
90 319 1.6276758271698668 7.90546130087853 99.96484375 0.282958984375 1.1669271015391958 21456
100 309.2 1.8164578890584573 9.886646620712236 141.8291015625 0.282958984375 1.2265630844476532 24646
110 313.4 2.070715480042476 11.723733346253372 141.8291015625 0.282958984375 1.2923196182949603 27738
120 375.1 1.8214354427361024 10.973042808609486 152.22998046875 0.282958984375 1.3713392033790726 30872
130 357.2 1.8022816349384099 11.61678107174081 184.22802734375 0.282958984375 1.420101904295464 34623
140 350.6 2.034190411303843 13.51371653883988 184.22802734375 0.282958984375 1.455843388726845 38195
150 404.8 2.009115467900812 14.100786240517635 225.39697265625 0.197998046875 1.5044677541174818 41701
160 372.3 1.6537851830051373 15.410713447695803 241.049072265625 0.197998046875 1.5491204010692168 45749
170 396.1 1.6470497630214926 15.846090741166925 248.988037109375 0.197998046875 1.5569969167376236 49472
180 4.6 0.5062839673913041 0.38825036262098156 248.988037109375 0.197998046875 1.5636725539679943 53433
190 0 0 0 248.988037109375 0.197998046875 1.5627630404209474 53479
200 0 0 0 248.988037109375 0.197998046875 1.5627630404209474 53479
210 0 0 0 248.988037109375 0.197998046875 1.5627630404209474 53479
220 0 0 0 248.988037109375 0.197998046875 1.5627630404209474 53479
230 0 0 0 248.988037109375 0.197998046875 1.5627630404209474 53479
230 0 0 0 248.988037109375 0.197998046875 1.5627630404209474 53479
