0 0.1 6.750721767299472 0 6.750721767299472 6.750721767299472 0 0
10 0.1 20.37684052907412 0.0 20.37684052907412 6.750721767299472 6.750721767299472 1
20 0.1 26.97007481296758 0.0 26.97007481296758 6.750721767299472 13.563781148186795 2
30 0.1 26.90197056622599 0.0 26.97007481296758 6.750721767299472 18.032545703113723 3
40 0.1 28.30235749033304 0.0 28.30235749033304 6.750721767299472 20.249901918891787 4
50 0.1 31.707621304727457 0.0 31.707621304727457 6.750721767299472 21.86039303318004 5
60 0.1 31.762065095398427 0.0 31.762065095398427 6.750721767299472 23.501597745104608 6
70 0.1 34.91707195410899 0.0 34.91707195410899 6.750721767299472 24.6816645094323 7
80 0.1 36.15960099750624 0.0 36.15960099750624 6.750721767299472 25.961090440016886 8
90 0.1 39.68570715889249 0.0 39.68570715889249 6.750721767299472 27.094258279737925 9
100 0.1 41.26667497818227 0.0 41.26667497818227 6.750721767299472 28.35340316765338 10
110 0.1 41.94260485651214 0.0 41.94260485651214 6.750721767299472 29.527336968610552 11
120 0.1 42.81261688068819 0.0 42.81261688068819 6.750721767299472 30.561942625935686 12
130 0.1 43.32044405638019 0.0 43.32044405638019 6.750721767299472 31.504302183993573 13
140 0.1 43.845003737851975 0.0 43.845003737851975 6.750721767299472 32.34831231773548 14
150 0.1 43.507462686567166 0.0 43.845003737851975 6.750721767299472 33.11475841240991 15
160 0.1 43.617551732734974 0.0 43.845003737851975 6.750721767299472 33.76430242954474 16
170 0.1 42.533034156070805 0.0 43.845003737851975 6.750721767299472 34.34390532973241 17
180 0.1 41.80593664255425 0.0 43.845003737851975 6.750721767299472 34.79885693119565 18
190 0.1 21.947873799725652 0.0 43.845003737851975 6.750721767299472 35.16765060021452 19
200 0.1 11.093087097579236 0.0 43.845003737851975 6.750721767299472 34.506661760190084 20
210 0.1 10.929710867397807 0.0 43.845003737851975 6.750721767299472 33.39172963339909 21
220 0.1 13.245198303816414 0.0 43.845003737851975 6.750721767299472 32.37072878039903 22
230 0.1 10.947630922693268 0.0 43.845003737851975 6.750721767299472 31.539183977069346 23
