10 0.1 15.14238773274918 0 15.14238773274918 15.14238773274918 0 0
20 0.1 21.189591078066915 0.0 21.189591078066915 15.14238773274918 15.14238773274918 1
30 0.1 17.386777719937534 0.0 21.189591078066915 15.14238773274918 18.165989405408048 2
40 0.1 16.666666666666664 0.0 21.189591078066915 15.14238773274918 17.906252176917878 3
50 0.1 16.657894736842106 0.0 21.189591078066915 15.14238773274918 17.596355799355074 4
60 0.1 18.21252273317745 0.0 21.189591078066915 15.14238773274918 17.40866358685248 5
70 0.1 17.618059159314996 0.0 21.189591078066915 15.14238773274918 17.542640111239976 6
80 0.1 17.68831168831169 0.0 21.189591078066915 15.14238773274918 17.553414260964978 7
90 0.1 18.356235416126523 0.0 21.189591078066915 15.14238773274918 17.570276439383317 8
100 0.1 18.84396060134785 0.0 21.189591078066915 15.14238773274918 17.657605214577003 9
110 0.1 18.87331256490135 0.0 21.189591078066915 15.14238773274918 17.77624075325409 10
120 0.1 18.487830139823924 0.0 21.189591078066915 15.14238773274918 17.87597455431293 11
130 0.1 18.63225806451613 0.0 21.189591078066915 15.14238773274918 17.92696251977218 12
140 0.1 18.80297970716671 0.0 21.189591078066915 15.14238773274918 17.98121602321402 13
150 0.1 18.460738429537184 0.0 21.189591078066915 15.14238773274918 18.039913429210642 14
160 0.1 19.01189860320745 0.0 21.189591078066915 15.14238773274918 18.067968429232412 15
170 0.1 18.662880743417656 0.0 21.189591078066915 15.14238773274918 18.126964065105852 16
180 0.1 18.55883877656817 0.0 21.189591078066915 15.14238773274918 18.15848857559478 17
190 0.1 19.17312661498708 0.0 21.189591078066915 15.14238773274918 18.180730253426635 18
200 0.1 19.44084908102511 0.0 21.189591078066915 15.14238773274918 18.232961640877186 19
210 0.1 20.4742478327384 0.0 21.189591078066915 15.14238773274918 18.293356012884583 20
220 0.1 19.406041986687146 0.0 21.189591078066915 15.14238773274918 18.397208004306194 21
230 0.1 19.25831202046036 0.0 21.189591078066915 15.14238773274918 18.44306409441442 22
240 0.1 19.413731036256106 0.0 21.189591078066915 15.14238773274918 18.478509656416417 23
250 0.1 19.41448382126348 0.0 21.189591078066915 15.14238773274918 18.517477213909736 24
260 0.1 20.37657982976528 0.0 21.189591078066915 15.14238773274918 18.553357478203885 25
270 0.1 9.972017298397354 0.0 21.189591078066915 9.972017298397354 18.623481414802402 26
280 0.1 0.02498750624687656 0.0 21.189591078066915 0.02498750624687656 18.30305681789851 27
290 0.1 0.02498750624687656 0.0 21.189591078066915 0.02498750624687656 17.650268628196667 28
300 0.1 0.024993751562109475 0.0 21.189591078066915 0.02498750624687656 17.042500313646674 29
309 0.1 0.0 0.0 21.189591078066915 0.0 16.47525009491052 30
