0 0.1 1.0891712953287451 0 1.0891712953287451 1.0891712953287451 0 0
10 0.1 13.152173913043477 0.0 13.152173913043477 1.0891712953287451 1.0891712953287451 1
20 0.1 22.094361334867664 0.0 22.094361334867664 1.0891712953287451 7.120672604186111 2
30 0.1 17.215256008359457 0.0 22.094361334867664 1.0891712953287451 12.111902181079962 3
40 0.1 16.86652763295099 0.0 22.094361334867664 1.0891712953287451 13.387740637899835 4
50 0.1 16.850393700787404 0.0 22.094361334867664 1.0891712953287451 14.083498036910067 5
60 0.1 17.849686847599163 0.0 22.094361334867664 1.0891712953287451 14.544647314222956 6
70 0.1 17.70049312224241 0.0 22.094361334867664 1.0891712953287451 15.016795818990985 7
80 0.1 17.572134130491293 0.0 22.094361334867664 1.0891712953287451 15.352257981897413 8
90 0.1 18.313878080415044 0.0 22.094361334867664 1.0891712953287451 15.598910887296732 9
100 0.1 18.67047520124643 0.0 22.094361334867664 1.0891712953287451 15.870407606608563 10
110 0.1 19.2039286637374 0.0 22.094361334867664 1.0891712953287451 16.124959206121098 11
120 0.1 18.377956849493113 0.0 22.094361334867664 1.0891712953287451 16.38153999425579 12
130 0.1 18.67905056759546 0.0 22.094361334867664 1.0891712953287451 16.535110521581736 13
140 0.1 18.37893649974187 0.0 22.094361334867664 1.0891712953287451 16.688249096297003 14
150 0.1 18.83720930232558 0.0 22.094361334867664 1.0891712953287451 16.800961589859995 15
160 0.1 18.97222943161173 0.0 22.094361334867664 1.0891712953287451 16.928227071889093 16
170 0.1 18.851403553953126 0.0 22.094361334867664 1.0891712953287451 17.048462504813955 17
180 0.1 18.401245782507136 0.0 22.094361334867664 1.0891712953287451 17.148625896432797 18
190 0.1 19.058701836048616 0.0 22.094361334867664 1.0891712953287451 17.214553258857762 19
200 0.1 19.16883116883117 0.0 22.094361334867664 1.0891712953287451 17.306760687717304 20
210 0.1 20.535714285714285 0.0 22.094361334867664 1.0891712953287451 17.395430710627487 21
220 0.1 19.826486348558305 0.0 22.094361334867664 1.0891712953287451 17.53817087313143 22
230 0.1 19.1745706229172 0.0 22.094361334867664 1.0891712953287451 17.637662850323906 23
240 0.1 19.51219512195122 0.0 22.094361334867664 1.0891712953287451 17.70170067418196 24
250 0.1 19.180201082753285 0.0 22.094361334867664 1.0891712953287451 17.77412045209273 25
260 0.1 20.71979434447301 0.0 22.094361334867664 1.0891712953287451 17.828200476348908 26
270 0.1 12.081736909323118 0.0 22.094361334867664 1.0891712953287451 17.93529654553869 27
280 0.1 0.02501250625312656 0.0 22.094361334867664 0.02501250625312656 17.72624084424528 28
290 0.1 0.025 0.0 22.094361334867664 0.025 17.115853660176583 29
300 0.1 0.025 0.0 22.094361334867664 0.025 16.546158538170697 30
309 0.1 0.0 0.0 22.094361334867664 0.0 16.01321794016519 31
