0 0.1 15571.75 0 15571.75 15571.75 0 0
10 0.1 15129.62109375 0.0 15571.75 15129.62109375 15571.75 1
20 0.1 14453.30859375 0.0 15571.75 14453.30859375 15350.685546875 2
30 0.1 13819.6484375 0.0 15571.75 13819.6484375 15051.559895833334 3
40 0.1 13547.83984375 0.0 15571.75 13547.83984375 14743.58203125 4
50 0.1 13520.09375 0.0 15571.75 13520.09375 14504.43359375 5
60 0.1 13366.91015625 0.0 15571.75 13366.91015625 14340.376953125 6
70 0.1 13271.3046875 0.0 15571.75 13271.3046875 14201.310267857143 7
80 0.1 13263.38671875 0.0 15571.75 13263.38671875 14085.0595703125 8
90 0.1 13256.3125 0.0 15571.75 13256.3125 13993.762586805555 9
100 0.1 13246.515625 0.0 15571.75 13246.515625 13920.017578125 10
110 0.1 13223.515625 0.0 15571.75 13223.515625 13858.79012784091 11
120 0.1 13220.84765625 0.0 15571.75 13220.84765625 13805.8505859375 12
130 0.1 13221.00390625 0.0 15571.75 13220.84765625 13760.850360576924 13
140 0.1 13212.15625 0.0 15571.75 13212.15625 13722.28989955357 14
150 0.1 13210.60546875 0.0 15571.75 13210.60546875 13688.280989583332 15
160 0.1 13208.7578125 0.0 15571.75 13208.7578125 13658.42626953125 16
170 0.1 13208.04296875 0.0 15571.75 13208.04296875 13631.97518382353 17
180 0.1 13205.19140625 0.0 15571.75 13205.19140625 13608.423394097223 18
190 0.1 13204.05859375 0.0 15571.75 13204.05859375 13587.200657894737 19
200 0.1 13204.08203125 0.0 15571.75 13204.05859375 13568.0435546875 20
210 0.1 13201.39453125 0.0 15571.75 13201.39453125 13550.71205357143 21
220 0.1 13192.96484375 0.0 15571.75 13192.96484375 13534.833984375 22
230 0.1 13184.078125 0.0 15571.75 13184.078125 13519.970108695652 23
240 0.1 13180.41015625 0.0 15571.75 13180.41015625 13505.974609375 24
250 0.1 13179.3125 0.0 15571.75 13179.3125 13492.95203125 25
260 0.1 13200.16796875 0.0 15571.75 13179.3125 13480.88897235577 26
270 0.1 14872.11328125 0.0 15571.75 13179.3125 13470.491898148148 27
280 0.1 15102.22265625 0.0 15571.75 13179.3125 13520.5498046875 28
290 0.1 15105.1640625 0.0 15571.75 13179.3125 13575.090247844828 29
300 0.1 15105.2890625 0.0 15571.75 13179.3125 13626.092708333334 30
309 0.1 15113.28515625 0.0 15571.75 13179.3125 13673.808719758064 31
