0 0.1 162.1796875 0 162.1796875 162.1796875 0 0
10 0.1 142.046875 0.0 162.1796875 142.046875 162.1796875 1
20 0.1 130.07421875 0.0 162.1796875 130.07421875 152.11328125 2
30 0.1 134.71875 0.0 162.1796875 130.07421875 144.76692708333334 3
40 0.1 116.91015625 0.0 162.1796875 116.91015625 142.2548828125 4
50 0.1 114.08203125 0.0 162.1796875 114.08203125 137.1859375 5
60 0.1 114.9140625 0.0 162.1796875 114.08203125 133.33528645833334 6
70 0.1 92.17578125 0.0 162.1796875 92.17578125 130.70368303571428 7
80 0.1 85.67578125 0.0 162.1796875 85.67578125 125.8876953125 8
90 0.1 98.3515625 0.0 162.1796875 85.67578125 121.41970486111111 9
100 0.1 83.44140625 0.0 162.1796875 83.44140625 119.112890625 10
110 0.1 94.27734375 0.0 162.1796875 83.44140625 115.8700284090909 11
120 0.1 86.05078125 0.0 162.1796875 83.44140625 114.07063802083333 12
130 0.1 80.640625 0.0 162.1796875 80.640625 111.91526442307692 13
140 0.1 87.41015625 0.0 162.1796875 80.640625 109.68136160714286 14
150 0.1 82.921875 0.0 162.1796875 80.640625 108.19661458333333 15
160 0.1 75.0703125 0.0 162.1796875 75.0703125 106.616943359375 16
170 0.1 81.71484375 0.0 162.1796875 75.0703125 104.76125919117646 17
180 0.1 82.421875 0.0 162.1796875 75.0703125 103.48090277777777 18
190 0.1 142.0078125 0.0 162.1796875 75.0703125 102.37253289473684 19
200 0.1 148.57421875 0.0 162.1796875 75.0703125 104.354296875 20
210 0.1 141.6953125 0.0 162.1796875 75.0703125 106.46000744047619 21
220 0.1 106.25390625 0.0 162.1796875 75.0703125 108.0616122159091 22
230 0.1 98.2578125 0.0 162.1796875 75.0703125 107.98301630434783 23
