10 0.1 15029.2890625 0 15029.2890625 15029.2890625 0 0
20 0.1 14335.8515625 0.0 15029.2890625 14335.8515625 15029.2890625 1
30 0.1 13716.49609375 0.0 15029.2890625 13716.49609375 14682.5703125 2
40 0.1 13546.4921875 0.0 15029.2890625 13546.4921875 14360.545572916666 3
50 0.1 13513.03125 0.0 15029.2890625 13513.03125 14157.0322265625 4
60 0.1 13350.5234375 0.0 15029.2890625 13350.5234375 14028.23203125 5
70 0.1 13270.88671875 0.0 15029.2890625 13270.88671875 13915.280598958334 6
80 0.1 13264.98046875 0.0 15029.2890625 13264.98046875 13823.224330357143 7
90 0.1 13256.078125 0.0 15029.2890625 13256.078125 13753.44384765625 8
100 0.1 13246.48046875 0.0 15029.2890625 13246.48046875 13698.180989583334 9
110 0.1 13223.59375 0.0 15029.2890625 13223.59375 13653.0109375 10
120 0.1 13221.23046875 0.0 15029.2890625 13221.23046875 13613.973011363636 11
130 0.1 13220.55859375 0.0 15029.2890625 13220.55859375 13581.244466145834 12
140 0.1 13211.43359375 0.0 15029.2890625 13211.43359375 13553.499399038461 13
150 0.1 13210.078125 0.0 15029.2890625 13210.078125 13529.066127232143 14
160 0.1 13209.265625 0.0 15029.2890625 13209.265625 13507.800260416667 15
170 0.1 13207.7890625 0.0 15029.2890625 13207.7890625 13489.141845703125 16
180 0.1 13205.8671875 0.0 15029.2890625 13205.8671875 13472.591681985294 17
190 0.1 13204.578125 0.0 15029.2890625 13204.578125 13457.773654513889 18
200 0.1 13203.96484375 0.0 15029.2890625 13203.96484375 13444.447574013158 19
210 0.1 13201.86328125 0.0 15029.2890625 13201.86328125 13432.4234375 20
220 0.1 13192.66796875 0.0 15029.2890625 13192.66796875 13421.444382440477 21
230 0.1 13183.77734375 0.0 15029.2890625 13183.77734375 13411.045454545454 22
240 0.1 13180.16015625 0.0 15029.2890625 13180.16015625 13401.164232336956 23
250 0.1 13179.5703125 0.0 15029.2890625 13179.5703125 13391.955729166666 24
260 0.1 13208.05859375 0.0 15029.2890625 13179.5703125 13383.4603125 25
270 0.1 14903.33203125 0.0 15029.2890625 13179.5703125 13376.714092548076 26
280 0.1 15104.25 0.0 15104.25 13179.5703125 13433.255497685184 27
290 0.1 15105.16796875 0.0 15105.16796875 13179.5703125 13492.933872767857 28
300 0.1 15105.7734375 0.0 15105.7734375 13179.5703125 13548.528151939656 29
309 0.1 15121.23046875 0.0 15121.23046875 13179.5703125 13600.436328125 30
