0 0.1 0.0 0 0.0 0.0 0 0
10 0.1 0.0 0.0 0.0 0.0 0.0 1
20 0.1 0.0703125 0.0 0.0703125 0.0 0.0 2
30 0.1 0.21875 0.0 0.21875 0.0 0.0234375 3
40 0.1 0.26953125 0.0 0.26953125 0.0 0.072265625 4
50 0.1 0.23046875 0.0 0.26953125 0.0 0.11171875 5
60 0.1 0.5703125 0.0 0.5703125 0.0 0.13151041666666666 6
70 0.1 0.71875 0.0 0.71875 0.0 0.19419642857142858 7
80 0.1 0.69140625 0.0 0.71875 0.0 0.259765625 8
90 0.1 0.578125 0.0 0.71875 0.0 0.3077256944444444 9
100 0.1 0.48828125 0.0 0.71875 0.0 0.334765625 10
110 0.1 0.640625 0.0 0.71875 0.0 0.3487215909090909 11
120 0.1 0.9296875 0.0 0.9296875 0.0 0.373046875 12
130 0.1 1.078125 0.0 1.078125 0.0 0.41586538461538464 13
140 0.1 1.140625 0.0 1.140625 0.0 0.46316964285714285 14
150 0.1 1.12109375 0.0 1.140625 0.0 0.5083333333333333 15
160 0.1 0.94140625 0.0 1.140625 0.0 0.546630859375 16
170 0.1 0.80078125 0.0 1.140625 0.0 0.5698529411764706 17
180 0.1 1.140625 0.0 1.140625 0.0 0.5826822916666666 18
190 0.1 1.28125 0.0 1.28125 0.0 0.612047697368421 19
200 0.1 1.078125 0.0 1.28125 0.0 0.6455078125 20
210 0.1 1.05859375 0.0 1.28125 0.0 0.6661086309523809 21
220 0.1 1.21875 0.0 1.28125 0.0 0.6839488636363636 22
230 0.1 1.33984375 0.0 1.33984375 0.0 0.7072010869565217 23
240 0.1 1.66015625 0.0 1.66015625 0.0 0.7335611979166666 24
250 0.1 1.7109375 0.0 1.7109375 0.0 0.770625 25
260 0.1 1.44921875 0.0 1.7109375 0.0 0.8067908653846154 26
270 0.1 1.23046875 0.0 1.7109375 0.0 0.8305844907407407 27
280 0.1 1.0390625 0.0 1.7109375 0.0 0.8448660714285714 28
290 0.1 0.87890625 0.0 1.7109375 0.0 0.8515625 29
300 0.1 0.73828125 0.0 1.7109375 0.0 0.8524739583333333 30
309 0.1 0.62890625 0.0 1.7109375 0.0 0.8487903225806451 31
