10 0.1 0.0 0 0.0 0.0 0 0
20 0.1 0.0703125 0.0 0.0703125 0.0 0.0 1
30 0.1 0.21875 0.0 0.21875 0.0 0.03515625 2
40 0.1 0.26953125 0.0 0.26953125 0.0 0.09635416666666667 3
50 0.1 0.23046875 0.0 0.26953125 0.0 0.1396484375 4
60 0.1 0.5703125 0.0 0.5703125 0.0 0.1578125 5
70 0.1 0.71875 0.0 0.71875 0.0 0.2265625 6
80 0.1 0.69140625 0.0 0.71875 0.0 0.296875 7
90 0.1 0.578125 0.0 0.71875 0.0 0.34619140625 8
100 0.1 0.48828125 0.0 0.71875 0.0 0.3719618055555556 9
110 0.1 0.640625 0.0 0.71875 0.0 0.38359375 10
120 0.1 0.9296875 0.0 0.9296875 0.0 0.4069602272727273 11
130 0.1 1.078125 0.0 1.078125 0.0 0.4505208333333333 12
140 0.1 1.140625 0.0 1.140625 0.0 0.4987980769230769 13
150 0.1 1.12109375 0.0 1.140625 0.0 0.5446428571428571 14
160 0.1 0.94140625 0.0 1.140625 0.0 0.5830729166666667 15
170 0.1 0.80078125 0.0 1.140625 0.0 0.60546875 16
180 0.1 1.140625 0.0 1.140625 0.0 0.6169577205882353 17
190 0.1 1.28125 0.0 1.28125 0.0 0.6460503472222222 18
200 0.1 1.078125 0.0 1.28125 0.0 0.6794819078947368 19
210 0.1 1.05859375 0.0 1.28125 0.0 0.6994140625 20
220 0.1 1.21875 0.0 1.28125 0.0 0.7165178571428571 21
230 0.1 1.33984375 0.0 1.33984375 0.0 0.7393465909090909 22
240 0.1 1.66015625 0.0 1.66015625 0.0 0.7654551630434783 23
250 0.1 1.7109375 0.0 1.7109375 0.0 0.802734375 24
260 0.1 1.44921875 0.0 1.7109375 0.0 0.8390625 25
270 0.1 1.23046875 0.0 1.7109375 0.0 0.8625300480769231 26
280 0.1 1.0390625 0.0 1.7109375 0.0 0.8761574074074074 27
290 0.1 0.87890625 0.0 1.7109375 0.0 0.8819754464285714 28
300 0.1 0.73828125 0.0 1.7109375 0.0 0.8818696120689655 29
309 0.1 0.62890625 0.0 1.7109375 0.0 0.8770833333333333 30
