0 0.1 1.1796875 0 1.1796875 1.1796875 0 0
10 0.1 1.765625 0.0 1.765625 1.1796875 1.1796875 1
20 0.1 2.2421875 0.0 2.2421875 1.1796875 1.47265625 2
30 0.1 2.2109375 0.0 2.2421875 1.1796875 1.7291666666666667 3
40 0.1 2.0234375 0.0 2.2421875 1.1796875 1.849609375 4
50 0.1 1.8671875 0.0 2.2421875 1.1796875 1.884375 5
60 0.1 2.0390625 0.0 2.2421875 1.1796875 1.8815104166666667 6
70 0.1 2.1796875 0.0 2.2421875 1.1796875 1.9040178571428572 7
80 0.1 2.21875 0.0 2.2421875 1.1796875 1.9384765625 8
90 0.1 2.578125 0.0 2.578125 1.1796875 1.9696180555555556 9
100 0.1 3.3984375 0.0 3.3984375 1.1796875 2.03046875 10
110 0.1 3.2578125 0.0 3.3984375 1.1796875 2.1548295454545454 11
120 0.1 3.0703125 0.0 3.3984375 1.1796875 2.2467447916666665 12
130 0.1 2.90234375 0.0 3.3984375 1.1796875 2.3100961538461537 13
140 0.1 3.06640625 0.0 3.3984375 1.1796875 2.3523995535714284 14
150 0.1 3.3671875 0.0 3.3984375 1.1796875 2.4 15
160 0.1 3.87890625 0.0 3.87890625 1.1796875 2.46044921875 16
170 0.1 4.03515625 0.0 4.03515625 1.1796875 2.543887867647059 17
180 0.1 3.8828125 0.0 4.03515625 1.1796875 2.626736111111111 18
190 0.1 3.66796875 0.0 4.03515625 1.1796875 2.692845394736842 19
200 0.1 3.41015625 0.0 4.03515625 1.1796875 2.7416015625 20
210 0.1 3.19921875 0.0 4.03515625 1.1796875 2.7734375 21
220 0.1 2.78515625 0.0 4.03515625 1.1796875 2.7927911931818183 22
230 0.1 2.74609375 0.0 4.03515625 1.1796875 2.7924592391304346 23
