0 70.8 5004.515923968819 2.291035833766154 5014.464111328125 5001.385009765625 0 0
10 192 5007.369504801434 3.7506008328791265 5023.301025390625 5001.385009765625 5004.515923968819 708
20 188.6 5008.303608543419 3.852933790698394 5025.39599609375 5001.385009765625 5006.600731883058 2628
30 217.8 5008.15162724547 4.002122713457093 5031.137939453125 5001.385009765625 5007.312212915721 4514
40 255.7 5009.71706660407 6.711997495578862 5063.80712890625 5001.385009765625 5007.585411422922 6692
50 240.5 5012.2969049465655 9.431667348132986 5066.619873046875 5001.385009765625 5008.1747337602765 9249
60 263.9 5012.091902524335 9.786161353289026 5071.733154296875 5001.385009765625 5009.025413501397 11654
70 294.8 5013.935636233111 13.670384526692661 5097.85498046875 5001.385009765625 5009.591597264885 14293
80 285.6 5015.092087091192 15.720898670464662 5109.64794921875 5001.385009765625 5010.334374764932 17241
90 297.6 5015.51244624968 16.72973072813058 5113.48583984375 5001.26123046875 5011.010496892803 20097
100 312.9 5020.878824089525 26.48113063644464 5150.31884765625 5001.26123046875 5011.591166995783 23073
110 310.8 5020.282151230806 26.667878176415865 5152.072998046875 5001.26123046875 5012.7002838206945 26202
120 351.2 5023.717337571403 31.686697843019676 5165.583984375 5001.26123046875 5013.504256659679 29310
130 361.5 5026.42185798107 35.181952170124276 5193.850830078125 5001.26123046875 5014.597070630856 32822
140 349.7 5027.341326954915 38.561735259426946 5199.511962890625 5001.26123046875 5015.7702354433 36437
150 383.4 4890.070984555332 823.4019853321043 5230.851806640625 0.530029296875 5016.783510021757 39934
160 379.9 5036.565088957401 56.731750950633156 5254.213134765625 0.530029296875 5005.683715134207 43768
170 389.4 5032.90782437474 56.820576691752066 5285.054931640625 0.530029296875 5008.150096010745 47567
180 201.8 5033.609964421765 52.14891495614748 5285.054931640625 0.530029296875 5010.023487399358 51461
190 0 0 0 5285.054931640625 0.530029296875 5010.9135098498755 53479
200 0 0 0 5285.054931640625 0.530029296875 5010.9135098498755 53479
210 0 0 0 5285.054931640625 0.530029296875 5010.9135098498755 53479
220 0 0 0 5285.054931640625 0.530029296875 5010.9135098498755 53479
230 0 0 0 5285.054931640625 0.530029296875 5010.9135098498755 53479
230 0 0 0 5285.054931640625 0.530029296875 5010.9135098498755 53479
