20 0.1 78196 0 78196 78196 0 0
30 0.1 79849.0 0.0 79849 78196 78196.0 1
40 0.1 79908.0 0.0 79908 78196 79022.5 2
50 0.1 79715.0 0.0 79908 78196 79317.66666666667 3
60 0.1 79858.0 0.0 79908 78196 79417.0 4
70 0.1 79856.0 0.0 79908 78196 79505.2 5
80 0.1 79721.0 0.0 79908 78196 79563.66666666667 6
90 0.1 79960.0 0.0 79960 78196 79586.14285714286 7
100 0.1 79772.0 0.0 79960 78196 79632.875 8
110 0.1 79813.0 0.0 79960 78196 79648.33333333333 9
120 0.1 79771.0 0.0 79960 78196 79664.8 10
130 0.1 79844.0 0.0 79960 78196 79674.45454545454 11
140 0.1 79843.0 0.0 79960 78196 79688.58333333333 12
150 0.1 79870.0 0.0 79960 78196 79700.46153846153 13
160 0.1 79984.0 0.0 79984 78196 79712.57142857143 14
170 0.1 79919.0 0.0 79984 78196 79730.66666666667 15
180 0.1 79858.0 0.0 79984 78196 79742.4375 16
190 0.1 79870.0 0.0 79984 78196 79749.23529411765 17
200 0.1 79941.0 0.0 79984 78196 79755.94444444444 18
210 0.1 79794.0 0.0 79984 78196 79765.68421052632 19
220 0.1 79892.0 0.0 79984 78196 79767.1 20
230 0.1 79854.0 0.0 79984 78196 79773.04761904762 21
240 0.1 79936.0 0.0 79984 78196 79776.72727272728 22
250 0.1 79938.0 0.0 79984 78196 79783.65217391305 23
260 0.1 68496.0 0.0 79984 68496 79790.08333333334 24
270 0.1 21836.0 0.0 79984 21836 79338.32 25
280 0.1 1.0 0.0 79984 1 77126.69230769231 26
290 0.1 0.0 0.0 79984 0 74270.18518518518 27
300 0.1 0.0 0.0 79984 0 71617.67857142857 28
309 0.1 0.0 0.0 79984 0 69148.10344827586 29
