10 0.1 33904 0 33904 33904 0 0
20 0.1 75821.0 0.0 75821 33904 33904.0 1
30 0.1 79810.0 0.0 79810 33904 54862.5 2
40 0.1 79862.0 0.0 79862 33904 63178.333333333336 3
50 0.1 79897.0 0.0 79897 33904 67349.25 4
60 0.1 79932.0 0.0 79932 33904 69858.8 5
70 0.1 79772.0 0.0 79932 33904 71537.66666666667 6
80 0.1 79895.0 0.0 79932 33904 72714.0 7
90 0.1 79822.0 0.0 79932 33904 73611.625 8
100 0.1 79888.0 0.0 79932 33904 74301.66666666667 9
110 0.1 79702.0 0.0 79932 33904 74860.3 10
120 0.1 79798.0 0.0 79932 33904 75300.45454545454 11
130 0.1 79924.0 0.0 79932 33904 75675.25 12
140 0.1 79811.0 0.0 79932 33904 76002.07692307692 13
150 0.1 79984.0 0.0 79984 33904 76274.14285714286 14
160 0.1 79888.0 0.0 79984 33904 76521.46666666666 15
170 0.1 79853.0 0.0 79984 33904 76731.875 16
180 0.1 79874.0 0.0 79984 33904 76915.4705882353 17
190 0.1 79870.0 0.0 79984 33904 77079.83333333333 18
200 0.1 79857.0 0.0 79984 33904 77226.68421052632 19
210 0.1 79776.0 0.0 79984 33904 77358.2 20
220 0.1 79915.0 0.0 79984 33904 77473.33333333333 21
230 0.1 79869.0 0.0 79984 33904 77584.31818181818 22
240 0.1 79916.0 0.0 79984 33904 77683.65217391304 23
250 0.1 79854.0 0.0 79984 33904 77776.66666666667 24
260 0.1 71753.0 0.0 79984 33904 77859.76 25
270 0.1 28075.0 0.0 79984 28075 77624.88461538461 26
280 0.1 1.0 0.0 79984 1 75789.7037037037 27
290 0.1 0.0 0.0 79984 0 73082.96428571428 28
300 0.1 0.0 0.0 79984 0 70562.8620689655 29
309 0.1 0.0 0.0 79984 0 68210.76666666666 30
