0 401.5 5003.109111522708 1.3238390971088172 5026.049072265625 5001.56689453125 0 0
10 2582.2 5004.686769506857 2.474952242192013 5205.16796875 5000.923828125 5003.109111522708 4015
20 3999.6 5010.521868800667 2.7821921847337046 5205.16796875 5000.923828125 5004.474472801212 29837
30 4000.6 5010.817158541919 2.431883316022512 5205.16796875 5000.923828125 5007.938045186677 69833
40 3998.8 5010.427766470766 2.542036227435494 5218.85888671875 5000.923828125 5008.986687371054 109839
50 3999.9 5010.5115563191775 2.9339297327418485 5218.85888671875 5000.923828125 5009.371303435177 149827
60 4000.1 5010.903672153089 2.516134166716114 5218.85888671875 5000.923828125 5009.611570706821 189826
70 3999.2 5011.085306984469 2.694334549469974 5218.85888671875 5000.8740234375 5009.836458774594 229827
80 3999.2 5010.962375018909 2.7183544938913453 5218.85888671875 5000.8740234375 5010.021560407946 269819
90 3999.7 5011.141958767069 2.827816962697496 5218.85888671875 5000.8740234375 5010.143005604926 309811
100 3998.9 5011.6665270205585 2.8692986612724334 5218.85888671875 5000.8740234375 5010.257225776066 349808
110 3999.4 5011.327800738735 3.004359533414578 5218.85888671875 5000.8740234375 5010.4018049992665 389797
120 3999.4 5011.150976186439 2.784098543598166 5218.85888671875 5000.8740234375 5010.487973098655 429791
130 4000.3 5011.10181022925 2.8879524743027796 5218.85888671875 5000.8740234375 5010.54441624923 469785
140 3999.2 5011.13980899206 2.7749159288919585 5218.85888671875 5000.8740234375 5010.588154884472 509788
150 3999.2 5011.0323244885485 2.7182512602115367 5218.85888671875 5000.8740234375 5010.628283210476 549780
160 3999.4 5011.114550910679 2.9695705244547064 5218.85888671875 5000.8740234375 5010.655680948573 589772
170 3999.2 5009.7849625101035 2.5700271554417022 5218.85888671875 5000.8740234375 5010.6848220029715 629766
180 3999.2 5009.809585043258 2.654603488068917 5218.85888671875 5000.8740234375 5010.631090385225 669758
190 4000.5 5010.581549425441 3.4063271200266967 5218.85888671875 5000.8740234375 5010.5848013515715 709750
200 3999.2 5012.2234476924405 3.353816384372128 5218.85888671875 5000.8740234375 5010.58462783715 749755
210 3999.2 5011.455374467212 3.2374270016882245 5218.85888671875 5000.8740234375 5010.667616039262 789747
220 3999.2 5011.2190149821745 3.1454580289649683 5218.85888671875 5000.8740234375 5010.705584647523 829739
230 3807 5011.200678091416 2.8572017419882783 5218.85888671875 5000.8740234375 5010.729193218384 869731
240 3998.6 5011.105666237338 3.3127627502544112 5218.85888671875 5000.8740234375 5010.748965645509 907801
250 3660.2 5011.083827159733 2.956025186374311 5218.85888671875 5000.8740234375 5010.764014416874 947787
260 1541.1 5005.451999665561 2.362574413648131 5218.85888671875 5000.8740234375 5010.7759058398915 984389
270 0 0 0 5218.85888671875 5000.8740234375 5010.693842709213 999800
280 0 0 0 5218.85888671875 5000.8740234375 5010.693842709213 999800
290 0 0 0 5218.85888671875 5000.8740234375 5010.693842709213 999800
300 0 0 0 5218.85888671875 5000.8740234375 5010.693842709213 999800
309 0 0 0 5218.85888671875 5000.8740234375 5010.693842709213 999800
