20 0.1 67932 0 67932 67932 0 0
30 0.1 42129.0 0.0 67932 42129 67932.0 1
40 0.1 39954.0 0.0 67932 39954 55030.5 2
50 0.1 39864.0 0.0 67932 39864 50005.0 3
60 0.1 39929.0 0.0 67932 39864 47469.75 4
70 0.1 39928.0 0.0 67932 39864 45961.6 5
80 0.1 39861.0 0.0 67932 39861 44956.0 6
90 0.1 39980.0 0.0 67932 39861 44228.142857142855 7
100 0.1 39886.0 0.0 67932 39861 43697.125 8
110 0.1 39908.0 0.0 67932 39861 43273.666666666664 9
120 0.1 39887.0 0.0 67932 39861 42937.1 10
130 0.1 39923.0 0.0 67932 39861 42659.818181818184 11
140 0.1 39922.0 0.0 67932 39861 42431.75 12
150 0.1 39935.0 0.0 67932 39861 42238.692307692305 13
160 0.1 39992.0 0.0 67932 39861 42074.142857142855 14
170 0.1 39960.0 0.0 67932 39861 41935.333333333336 15
180 0.1 39923.0 0.0 67932 39861 41811.875 16
190 0.1 39941.0 0.0 67932 39861 41700.76470588235 17
200 0.1 39974.0 0.0 67932 39861 41603.0 18
210 0.1 39899.0 0.0 67932 39861 41517.26315789474 19
220 0.1 39949.0 0.0 67932 39861 41436.350000000006 20
230 0.1 39928.0 0.0 67932 39861 41365.52380952382 21
240 0.1 39970.0 0.0 67932 39861 41300.18181818182 22
250 0.1 39969.0 0.0 67932 39861 41242.34782608696 23
260 0.1 45891.0 0.0 67932 39861 41189.29166666667 24
270 0.1 19272.0 0.0 67932 19272 41377.36000000001 25
280 0.1 1.0 0.0 67932 1 40527.15384615386 26
290 0.1 0.0 0.0 67932 0 39026.1851851852 27
300 0.1 0.0 0.0 67932 0 37632.39285714286 28
309 0.1 0.0 0.0 67932 0 36334.72413793104 29
