10 0.1 44529 0 44529 44529 0 0
20 0.1 70044.0 0.0 70044 44529 44529.0 1
30 0.1 43552.0 0.0 70044 43552 57286.5 2
40 0.1 39931.0 0.0 70044 39931 52708.333333333336 3
50 0.1 39952.0 0.0 70044 39931 49514.0 4
60 0.1 39973.0 0.0 70044 39931 47601.6 5
70 0.1 39882.0 0.0 70044 39882 46330.166666666664 6
80 0.1 39948.0 0.0 70044 39882 45409.0 7
90 0.1 39911.0 0.0 70044 39882 44726.375 8
100 0.1 39944.0 0.0 70044 39882 44191.333333333336 9
110 0.1 39854.0 0.0 70044 39854 43766.6 10
120 0.1 39899.0 0.0 70044 39854 43410.90909090909 11
130 0.1 39963.0 0.0 70044 39854 43118.25 12
140 0.1 39906.0 0.0 70044 39854 42875.53846153846 13
150 0.1 39992.0 0.0 70044 39854 42663.42857142857 14
160 0.1 39944.0 0.0 70044 39854 42485.333333333336 15
170 0.1 39927.0 0.0 70044 39854 42326.5 16
180 0.1 39938.0 0.0 70044 39854 42185.35294117647 17
190 0.1 39935.0 0.0 70044 39854 42060.5 18
200 0.1 39930.0 0.0 70044 39854 41948.63157894737 19
210 0.1 39891.0 0.0 70044 39854 41847.7 20
220 0.1 39960.0 0.0 70044 39854 41754.52380952381 21
230 0.1 39936.0 0.0 70044 39854 41672.954545454544 22
240 0.1 39960.0 0.0 70044 39854 41597.434782608696 23
250 0.1 39930.0 0.0 70044 39854 41529.208333333336 24
260 0.1 45955.0 0.0 70044 39854 41465.24 25
270 0.1 23953.0 0.0 70044 23953 41637.92307692308 26
280 0.1 1.0 0.0 70044 1 40982.92592592593 27
290 0.1 0.0 0.0 70044 0 39519.28571428572 28
300 0.1 0.0 0.0 70044 0 38156.55172413793 29
309 0.1 0.0 0.0 70044 0 36884.666666666664 30
