0 79.9 5006.424441073801 2.294085885197527 5017.279052734375 5002.77001953125 0 0
10 190.4 5009.501195955671 3.7954981499178553 5025.3310546875 5002.77001953125 5006.424441073801 799
20 189.5 5010.228462287678 3.8321955978799935 5027.35595703125 5002.77001953125 5008.591714952854 2703
30 220 5010.056588134763 4.000552915244311 5032.806884765625 5002.77001953125 5009.266276979712 4598
40 256.4 5011.947913111833 7.500231615309061 5066.463134765625 5002.77001953125 5009.522041107561 6798
50 236.9 5014.147127343913 9.244310525472319 5068.48681640625 5002.77001953125 5010.186422203369 9362
60 264.1 5014.4154902743185 10.734610323033023 5089.511962890625 5002.77001953125 5010.986261132526 11731
70 291.7 5015.717751007027 13.515360245277478 5099.962890625 5002.77001953125 5011.616416585036 14372
80 283.9 5017.2967832430495 16.43387937507871 5111.64599609375 5002.77001953125 5012.308393709737 17289
90 295.4 5017.59758905761 17.186801201504952 5115.31005859375 5002.77001953125 5013.011992571276 20128
100 321.1 5022.964310685554 26.84194111504881 5152.5791015625 5002.77001953125 5013.598850383451 23082
110 307.4 5022.490796279659 27.401079781813767 5153.996826171875 5002.77001953125 5014.742595601952 26293
120 350.4 5025.658522444788 31.776053656727946 5167.02392578125 5002.77001953125 5015.553640955011 29367
130 362.8 5028.642580749458 35.9761282186133 5196.0009765625 5002.77001953125 5016.630806381685 32871
140 348.3 5029.480204422034 39.074469444326354 5201.594970703125 5002.77001953125 5017.824776556382 36499
150 385.9 4799.68141786803 1051.4200968038583 5232.9189453125 1.985107421875 5018.840129846765 39982
160 389 5040.496023896903 59.361071855102935 5288.94189453125 1.985107421875 4999.549204240006 43841
170 383.5 5033.6637287244275 55.494494017772666 5288.94189453125 1.985107421875 5002.886304415266 47731
180 198.6 5036.305495647267 53.3677858818626 5288.94189453125 1.985107421875 5005.175243294093 51566
190 0 0 0 5288.94189453125 1.985107421875 5006.329722700528 53552
200 0 0 0 5288.94189453125 1.985107421875 5006.329722700528 53552
210 0 0 0 5288.94189453125 1.985107421875 5006.329722700528 53552
220 0 0 0 5288.94189453125 1.985107421875 5006.329722700528 53552
230 0 0 0 5288.94189453125 1.985107421875 5006.329722700528 53552
230 0 0 0 5288.94189453125 1.985107421875 5006.329722700528 53552
