0 1213.62890625 1213.62890625
10 3108.1734375 4321.80234375
20 3468.403125 7790.20546875
30 3469.2703125 11259.47578125
40 3467.709375 14727.18515625
50 3468.66328125 18195.8484375
60 3468.83671875 21664.68515625
70 3468.05625 25132.74140625
80 3468.05625 28600.79765625
90 3468.48984375 32069.2875
100 3467.79609375 35537.08359375
110 3468.2296875 39005.31328125
120 3468.2296875 42473.54296875
130 3469.01015625 45942.553125
140 3468.05625 49410.609375
150 3468.05625 52878.665625
160 3468.2296875 56346.8953125
170 3468.05625 59814.9515625
180 3468.05625 63283.0078125
190 3469.18359375 66752.19140625
200 3468.05625 70220.24765625
210 3468.05625 73688.30390625
220 3468.05625 77156.36015625
230 3301.3828125 80457.74296875
240 3467.5359375 83925.27890625
250 2359.01015625 86284.2890625
260 417.4640625 86701.753125
270 0 86701.753125
280 0 86701.753125
290 0 86701.753125
300 0 86701.753125
309 0 86701.753125
