0 89.60625 89.60625
10 243 332.60625
20 238.696875 571.303125
30 275.653125 846.95625
40 323.6203125 1170.5765625
50 304.3828125 1474.959375
60 333.9984375 1808.9578125
70 373.10625 2182.0640625
80 361.4625 2543.5265625
90 376.65 2920.1765625
100 396.0140625 3316.190625
110 393.35625 3709.546875
120 444.4875 4154.034375
130 457.5234375 4611.5578125
140 442.5890625 5054.146875
150 471.825 5525.971875
160 480.8109375 6006.7828125
170 492.834375 6499.6171875
180 255.403125 6755.0203125
190 0 6755.0203125
200 0 6755.0203125
210 0 6755.0203125
220 0 6755.0203125
230 0 6755.0203125
230 0 6755.0203125
